time_s,gx,gy,gz,bmag
0.183,-2.829000,-0.266000,0.281000,2.855339
0.183,-2.818000,-0.257000,0.272000,2.842738
0.183,-2.825000,-0.256000,0.266000,2.849020
0.183,-2.830000,-0.260000,0.271000,2.854810
0.183,-2.826000,-0.258000,0.279000,2.851435
0.183,-2.822000,-0.262000,0.279000,2.847836
0.183,-2.829000,-0.266000,0.281000,2.855339
0.183,-2.818000,-0.257000,0.272000,2.842738
0.183,-2.825000,-0.256000,0.266000,2.849020
0.183,-2.821000,-0.260000,0.275000,2.846272
0.183,-2.828000,-0.264000,0.271000,2.853195
0.183,-2.817000,-0.260000,0.286000,2.843393
0.183,-2.824000,-0.254000,0.285000,2.849687
0.183,-2.825000,-0.258000,0.268000,2.849388
0.184,-2.822000,-0.258000,0.282000,2.847766
0.184,-2.827000,-0.267000,0.268000,2.852200
0.184,-2.828000,-0.262000,0.276000,2.853490
0.184,-2.819000,-0.251000,0.273000,2.843289
0.184,-2.832000,-0.270000,0.277000,2.858295
0.184,-2.826000,-0.261000,0.278000,2.851610
0.184,-2.823000,-0.257000,0.281000,2.848568
0.320,-2.818000,-0.264000,0.266000,2.842811
0.321,-2.822000,-0.264000,0.276000,2.847728
0.384,-2.825000,-0.265000,0.272000,2.850409
0.396,-2.829000,-0.269000,0.281000,2.855620
0.485,-2.835000,-0.258000,0.281000,2.860551
0.502,-2.827000,-0.265000,0.266000,2.851826
0.585,-2.822000,-0.261000,0.280000,2.847842
0.684,-2.830000,-0.268000,0.280000,2.856418
0.684,-2.819000,-0.255000,0.282000,2.844523
0.784,-2.824000,-0.259000,0.277000,2.849348
0.784,-2.823000,-0.261000,0.272000,2.848058
0.884,-2.828000,-0.256000,0.278000,2.853139
0.885,-2.821000,-0.265000,0.284000,2.847617
0.984,-2.821000,-0.255000,0.279000,2.846209
0.985,-2.823000,-0.267000,0.273000,2.848710
1.084,-2.826000,-0.264000,0.270000,2.851118
1.088,-2.823000,-0.264000,0.281000,2.849208
1.184,-2.820000,-0.267000,0.280000,2.846417
1.195,-2.829000,-0.263000,0.280000,2.854962
1.284,-2.820000,-0.262000,0.273000,2.845272
1.305,-2.824000,-0.259000,0.274000,2.849058
1.384,-2.824000,-0.266000,0.267000,2.849039
1.484,-2.825000,-0.259000,0.267000,2.849385
1.484,-2.820000,-0.260000,0.283000,2.846066
1.585,-2.822000,-0.264000,0.276000,2.847728
1.585,-2.825000,-0.259000,0.276000,2.850242
1.684,-2.823000,-0.263000,0.276000,2.848627
1.685,-2.817000,-0.268000,0.282000,2.843736
1.784,-2.822000,-0.265000,0.276000,2.847821
1.785,-2.825000,-0.262000,0.271000,2.850037
1.884,-2.822000,-0.259000,0.274000,2.847076
1.891,-2.825000,-0.265000,0.270000,2.850219
1.985,-2.821000,-0.264000,0.269000,2.846067
1.997,-2.822000,-0.264000,0.276000,2.847728
2.085,-2.824000,-0.251000,0.281000,2.849024
2.104,-2.827000,-0.269000,0.271000,2.852671
2.185,-2.820000,-0.259000,0.274000,2.845093
2.284,-2.825000,-0.263000,0.277000,2.850706
2.284,-2.825000,-0.264000,0.270000,2.850126
2.385,-2.829000,-0.252000,0.274000,2.853388
2.385,-2.823000,-0.262000,0.274000,2.848341
2.485,-2.826000,-0.260000,0.280000,2.851715
2.485,-2.829000,-0.255000,0.271000,2.853368
2.585,-2.822000,-0.259000,0.278000,2.847464
2.585,-2.830000,-0.268000,0.282000,2.856615
2.685,-2.829000,-0.259000,0.272000,2.853823
2.690,-2.827000,-0.252000,0.269000,2.850929
2.784,-2.821000,-0.250000,0.277000,2.845570
2.796,-2.823000,-0.260000,0.283000,2.849038
2.885,-2.822000,-0.258000,0.279000,2.847471
2.907,-2.821000,-0.264000,0.274000,2.846544
2.985,-2.831000,-0.263000,0.273000,2.856267
3.084,-2.822000,-0.260000,0.277000,2.847457
3.084,-2.825000,-0.266000,0.281000,2.851375
3.184,-2.821000,-0.256000,0.281000,2.846496
3.184,-2.821000,-0.255000,0.280000,2.846307
3.285,-2.828000,-0.266000,0.280000,2.854249
3.285,-2.822000,-0.255000,0.272000,2.846523
3.384,-2.825000,-0.266000,0.265000,2.849843
3.386,-2.823000,-0.258000,0.281000,2.848658
3.484,-2.824000,-0.262000,0.271000,2.849046
3.492,-2.822000,-0.253000,0.272000,2.846344
3.585,-2.834000,-0.260000,0.285000,2.860137
3.599,-2.824000,-0.256000,0.285000,2.849866
3.685,-2.822000,-0.255000,0.290000,2.848299
3.705,-2.823000,-0.263000,0.283000,2.849313
3.785,-2.824000,-0.252000,0.267000,2.847766
3.885,-2.823000,-0.265000,0.276000,2.848812
3.885,-2.830000,-0.264000,0.279000,2.855948
3.985,-2.822000,-0.261000,0.281000,2.847941
3.985,-2.826000,-0.262000,0.270000,2.850933
4.085,-2.829000,-0.259000,0.278000,2.854401
4.085,-2.823000,-0.253000,0.273000,2.847432
4.185,-2.821000,-0.260000,0.283000,2.847056
4.185,-2.817000,-0.266000,0.269000,2.842289
4.285,-2.823000,-0.259000,0.270000,2.847685
4.291,-2.829000,-0.257000,0.280000,2.854416
4.385,-2.824000,-0.261000,0.282000,2.850021
4.398,-2.828000,-0.259000,0.274000,2.853023
4.485,-2.825000,-0.260000,0.280000,2.850724
4.504,-2.820000,-0.264000,0.276000,2.845746
4.585,-2.814000,-0.263000,0.279000,2.840001
4.685,-2.819000,-0.266000,0.274000,2.844748
4.685,-2.826000,-0.256000,0.281000,2.851451
4.785,-2.820000,-0.260000,0.268000,2.844613
4.785,-2.823000,-0.257000,0.282000,2.848667
4.885,-2.823000,-0.259000,0.270000,2.847685
4.885,-2.826000,-0.254000,0.280000,2.851174
4.985,-2.828000,-0.258000,0.278000,2.853319
4.987,-2.826000,-0.248000,0.279000,2.850547
5.085,-2.823000,-0.262000,0.271000,2.848054
5.094,-2.825000,-0.266000,0.274000,2.850694
5.185,-2.820000,-0.256000,0.276000,2.845015
5.200,-2.820000,-0.259000,0.273000,2.844997
5.285,-2.825000,-0.258000,0.282000,2.850739
5.385,-2.821000,-0.256000,0.278000,2.846201
5.385,-2.829000,-0.251000,0.276000,2.853492
5.485,-2.825000,-0.265000,0.276000,2.850794
5.485,-2.824000,-0.264000,0.271000,2.849230
5.585,-2.822000,-0.260000,0.280000,2.847751
5.585,-2.824000,-0.261000,0.277000,2.849531
5.685,-2.828000,-0.266000,0.265000,2.852817
5.685,-2.824000,-0.264000,0.291000,2.851202
5.785,-2.819000,-0.249000,0.278000,2.843597
5.786,-2.827000,-0.262000,0.270000,2.851924
5.885,-2.818000,-0.261000,0.272000,2.843102
5.892,-2.824000,-0.257000,0.285000,2.849956
5.985,-2.824000,-0.256000,0.270000,2.848405
5.999,-2.819000,-0.264000,0.278000,2.844950
6.085,-2.820000,-0.259000,0.272000,2.844902
6.106,-2.825000,-0.251000,0.273000,2.849238
6.185,-2.824000,-0.261000,0.273000,2.849145
6.284,-2.827000,-0.258000,0.274000,2.851941
6.284,-2.819000,-0.258000,0.283000,2.844893
6.385,-2.827000,-0.262000,0.276000,2.852499
6.385,-2.818000,-0.255000,0.273000,2.842653
6.484,-2.818000,-0.254000,0.277000,2.842951
6.485,-2.825000,-0.251000,0.278000,2.849721
6.584,-2.826000,-0.260000,0.276000,2.851325
6.589,-2.820000,-0.256000,0.274000,2.844822
6.685,-2.821000,-0.259000,0.275000,2.846181
6.695,-2.821000,-0.263000,0.269000,2.845975
6.785,-2.822000,-0.262000,0.276000,2.847544
6.802,-2.830000,-0.261000,0.275000,2.855284
6.885,-2.822000,-0.262000,0.283000,2.848231
6.984,-2.814000,-0.257000,0.281000,2.839649
6.984,-2.831000,-0.258000,0.284000,2.856883
7.084,-2.824000,-0.256000,0.283000,2.849667
7.084,-2.826000,-0.262000,0.277000,2.851605
7.185,-2.822000,-0.253000,0.274000,2.846536
7.185,-2.816000,-0.248000,0.283000,2.841030
7.284,-2.827000,-0.269000,0.275000,2.853054
7.284,-2.821000,-0.269000,0.269000,2.846535
7.384,-2.825000,-0.262000,0.278000,2.850711
7.387,-2.821000,-0.255000,0.279000,2.846209
7.484,-2.819000,-0.257000,0.279000,2.844407
7.494,-2.822000,-0.262000,0.271000,2.847063
7.585,-2.826000,-0.266000,0.264000,2.850742
7.600,-2.827000,-0.265000,0.289000,2.854063
7.685,-2.819000,-0.263000,0.273000,2.844373
7.785,-2.828000,-0.261000,0.272000,2.853014
7.785,-2.831000,-0.253000,0.277000,2.855748
7.885,-2.819000,-0.256000,0.286000,2.845012
7.885,-2.823000,-0.261000,0.276000,2.848443
7.985,-2.823000,-0.259000,0.266000,2.847309
7.985,-2.827000,-0.264000,0.274000,2.852490
8.085,-2.825000,-0.265000,0.268000,2.850031
8.085,-2.829000,-0.257000,0.278000,2.854220
8.184,-2.823000,-0.264000,0.281000,2.849208
8.190,-2.827000,-0.254000,0.271000,2.851295
8.284,-2.827000,-0.251000,0.278000,2.851704
8.297,-2.818000,-0.254000,0.271000,2.842372
8.385,-2.827000,-0.264000,0.283000,2.853369
8.403,-2.823000,-0.258000,0.281000,2.848658
8.485,-2.826000,-0.267000,0.276000,2.851971
8.584,-2.826000,-0.261000,0.276000,2.851416
8.584,-2.833000,-0.262000,0.267000,2.857590
8.684,-2.822000,-0.261000,0.276000,2.847452
8.684,-2.820000,-0.269000,0.275000,2.846118
8.784,-2.825000,-0.263000,0.273000,2.850320
8.784,-2.825000,-0.263000,0.276000,2.850609
8.884,-2.826000,-0.265000,0.273000,2.851496
8.884,-2.820000,-0.268000,0.275000,2.846023
8.984,-2.822000,-0.263000,0.279000,2.847928
8.989,-2.825000,-0.258000,0.277000,2.850249
9.085,-2.820000,-0.260000,0.274000,2.845185
9.095,-2.823000,-0.261000,0.279000,2.848735
9.185,-2.828000,-0.267000,0.274000,2.853761
9.202,-2.812000,-0.259000,0.272000,2.836972
9.285,-2.828000,-0.265000,0.279000,2.854059
9.385,-2.823000,-0.260000,0.281000,2.848840
9.385,-2.827000,-0.266000,0.275000,2.852772
9.485,-2.819000,-0.260000,0.279000,2.844680
9.485,-2.826000,-0.269000,0.266000,2.851209
9.585,-2.827000,-0.263000,0.276000,2.852591
9.585,-2.822000,-0.261000,0.282000,2.848040
9.695,-2.827000,-0.270000,0.270000,2.852671
9.695,-2.819000,-0.263000,0.273000,2.844373
9.784,-2.824000,-0.267000,0.272000,2.849605
9.792,-2.826000,-0.268000,0.274000,2.851872
9.884,-2.824000,-0.260000,0.268000,2.848579
9.898,-2.822000,-0.257000,0.271000,2.846607
9.984,-2.823000,-0.260000,0.279000,2.848644
10.005,-2.825000,-0.255000,0.270000,2.849307
10.084,-2.834000,-0.263000,0.271000,2.859050
10.184,-2.823000,-0.266000,0.279000,2.849197
10.184,-2.818000,-0.261000,0.278000,2.843682
10.284,-2.822000,-0.266000,0.277000,2.848011
10.284,-2.828000,-0.255000,0.275000,2.852759
10.384,-2.823000,-0.255000,0.269000,2.847229
10.384,-2.826000,-0.256000,0.277000,2.851060
10.484,-2.819000,-0.257000,0.270000,2.843538
10.484,-2.822000,-0.260000,0.266000,2.846408
